&hyp  title='Analyse module aero',
wgsFileName= 'hyperFolder\Analyse_Module_Aero.wgs' ,
cmethods=7,1,1,7,
emethods=5,5,5,5,
mach=5, sref=420.59401405862843, cbar=16.712053156412264,
alpha=0.5107668274150841,
xref=14.136238730827982, span=25.167106047484673/
