&hyp  title='Analyse module aero',
wgsFileName= 'hyperFolder\Analyse_Module_Aero.wgs' ,
cmethods=7,1,1,7,
emethods=5,5,5,5,
mach=5, sref=420.5940140070765, cbar=16.71205376052822,
alpha=0.5107665455150775,
xref=14.136238647385357, span=25.167105134646402/
