&hyp  title='Analyse module aero',
wgsFileName= 'hyperFolder\Analyse_Module_Aero.wgs' ,
cmethods=7,1,1,7,
emethods=5,5,5,5,
mach=5, sref=420.88107969680806, cbar=11.203444663720143,
alpha=15.676218354053692,
xref=15.820669012563108, span=37.5671137163499/
