&hyp  title='Analyse module aero',
wgsFileName= 'hyperFolder\Analyse_Module_Aero.wgs' ,
cmethods=7,1,1,7,
emethods=5,5,5,5,
mach=5, sref=420.0, cbar=16.408253082847338,
alpha=-1,2,3,
xref=14.0, span=25.59687480924185/
